Start the Life Cycle
Please enter the number of Life Cycles you would like to view: 
───────────────
Round: 1/5
───────────────

1 0 0 0 1 0 
0 0 0 0 1 1 
0 1 1 0 0 0 
0 1 0 0 1 0 
0 1 0 1 0 0 
0 0 0 0 0 0 

10 Live Cells
(0 , 0)
(0 , 4)
(1 , 4)
(1 , 5)
(2 , 1)
(2 , 2)
(3 , 1)
(3 , 4)
(4 , 1)
(4 , 3)

───────────────
Round: 2/5
───────────────

0 0 0 0 1 1 
0 1 0 1 1 1 
0 1 1 1 1 1 
1 1 0 1 0 0 
0 0 1 0 0 0 
0 0 0 0 0 0 

15 Live Cells
(0 , 4)
(0 , 5)
(1 , 1)
(1 , 3)
(1 , 4)
(1 , 5)
(2 , 1)
(2 , 2)
(2 , 3)
(2 , 4)
(2 , 5)
(3 , 0)
(3 , 1)
(3 , 3)
(4 , 2)

───────────────
Round: 3/5
───────────────

0 0 0 1 0 1 
0 1 0 0 0 0 
0 0 0 0 0 1 
1 0 0 0 0 0 
0 1 1 0 0 0 
0 0 0 0 0 0 

7 Live Cells
(0 , 3)
(0 , 5)
(1 , 1)
(2 , 5)
(3 , 0)
(4 , 1)
(4 , 2)

───────────────
Round: 4/5
───────────────

0 0 0 0 0 0 
0 0 0 0 1 0 
0 0 0 0 0 0 
0 1 0 0 0 0 
0 1 0 0 0 0 
0 0 0 0 0 0 

3 Live Cells
(1 , 4)
(3 , 1)
(4 , 1)

───────────────
Round: 5/5
───────────────

0 0 0 0 0 0 
0 0 0 0 0 0 
0 0 0 0 0 0 
0 0 0 0 0 0 
0 0 0 0 0 0 
0 0 0 0 0 0 

0 Live Cells
Population Decimated.
GAME OVER
